function t=readstructure()
% follwoing structures are used to detect different type of cross in the
% GVD path

t(1).x=[0 0 1;0 1 1;0 0 1];
t(2).x=[1 1 1;0 1 0;0 0 0];
t(3).x=[1 0 1;0 1 0;0 1 0];
t(4).x=[0 0 1;1 1 0;0 1 0];
t(5).x=[0 0 0;0 1 0;1 0 1];
t(6).x=[0 1 0;0 1 1;1 0 0];
t(7).x=[0 0 0;0 1 1;0 1 1]; % for +
t(8).x=[0 0 0;1 1 0;1 1 0]; % for +
t(9).x=[1 1 1;0 1 0;0 1 0];  % T
t(10).x=[0 0 1;0 1 0;0 0 1];
t(11).x=[1 0 0;0 1 1;0 1 0];
t(12).x=[1 0 0;1 1 0;1 0 0];
t(13).x=[0 0 0;1 1 0;0 1 0];
t(14).x=[0 1 0;1 1 0;0 1 0]; % -|0
t(15).x=[0 0 0;1 1 0;0 1 0];
t(16).x=[1 0 0;1 1 1;1 0 0];
t(17).x=[0 1 0;0 1 1;0 1 0]; % 0|-
t(18).x=[0 0 0;1 1 1;0 1 0];  % 0T
t(19).x=[0 1 0;0 1 0;1 1 1];  % inv(T)
t(20).x=[0 1 0;1 1 0;0 0 1]; %
t(21).x=[0 1 0;1 1 1;0 0 0]; %
t(22).x=[0 1 0;0 1 0;1 0 1];  % inv(T)

end